caseid,abcnum,stcode,Q21,Q21NET,Q24,Q901,Q908A,Q921
1,36,39,2,1.00,2,2,2,2
4,36,39,1,1.00,1,3,2,2
6,39,42,8,8.00,1,1,3,1
7,41,45,3,2.00,1,3,2,1
9,10,12,2,1.00,1,1,1,1
11,10,12,4,2.00,2,2,2,2
15,36,39,3,2.00,2,2,2,1
16,36,39,2,1.00,1,1,1,1
18,10,12,1,1.00,1,3,2,2
19,41,45,3,2.00,2,3,3,1
20,39,42,2,1.00,1,1,2,2
21,36,39,2,1.00,2,4,8,2
24,39,42,2,1.00,2,2,2,2
27,39,42,1,1.00,2,2,3,2
28,39,42,3,2.00,1,1,2,1
32,36,39,1,1.00,2,2,3,1
37,39,42,4,2.00,2,2,2,1
41,43,47,1,1.00,1,1,2,2
43,36,39,2,1.00,8,3,2,2
46,31,34,2,1.00,4,3,2,1
51,39,42,4,2.00,2,2,2,2
56,36,39,2,1.00,3,3,2,2
58,39,42,2,1.00,2,2,3,1
60,31,34,2,1.00,1,1,1,1
61,41,45,3,2.00,1,1,2,2
62,36,39,2,1.00,1,1,1,2
63,41,45,1,1.00,4,3,3,1
65,31,34,4,2.00,1,1,3,2
66,10,12,1,1.00,1,1,1,2
68,10,12,3,2.00,2,2,2,1
69,39,42,4,2.00,4,2,2,2
74,10,12,3,2.00,2,2,2,1
75,39,42,2,1.00,1,1,2,1
77,39,42,1,1.00,1,1,1,1
80,43,47,2,1.00,2,3,2,1
81,36,39,2,1.00,2,3,2,1
85,41,45,2,1.00,1,1,2,1
86,31,34,3,2.00,2,2,3,2
91,41,45,1,1.00,2,2,3,1
97,10,12,3,2.00,4,3,3,1
99,10,12,2,1.00,1,1,2,2
105,31,34,2,1.00,4,3,8,1
106,31,34,3,2.00,2,2,3,2
107,43,47,2,1.00,2,3,1,1
109,39,42,2,1.00,2,2,2,1
110,39,42,4,2.00,1,1,1,1
111,36,39,3,2.00,2,2,3,1
115,36,39,2,1.00,2,2,3,1
122,21,24,8,8.00,8,1,1,2
130,39,42,4,2.00,2,2,2,1
131,31,34,2,1.00,1,1,2,2
135,36,39,2,1.00,1,1,3,1
137,41,45,3,2.00,4,3,2,1
138,10,12,2,1.00,4,3,2,1
140,39,42,2,1.00,4,2,2,1
142,21,24,1,1.00,1,1,1,1
144,39,42,3,2.00,1,1,1,1
146,36,39,4,2.00,2,2,3,1
148,36,39,2,1.00,2,2,2,1
150,31,34,2,1.00,1,1,1,1
151,10,12,8,8.00,2,3,1,1
152,31,34,3,2.00,2,2,3,1
153,21,24,2,1.00,2,3,2,1
154,31,34,2,1.00,1,1,2,2
156,39,42,1,1.00,4,3,2,1
159,14,17,2,1.00,1,3,1,2
161,44,48,4,2.00,1,1,1,2
163,4,05,2,1.00,1,3,3,2
164,35,38,4,2.00,2,2,3,1
167,43,47,1,1.00,2,2,3,2
168,36,39,1,1.00,1,2,1,2
171,31,34,2,1.00,2,2,3,1
172,39,42,4,2.00,2,4,3,2
173,36,39,1,1.00,4,3,2,2
176,10,12,8,8.00,1,3,2,2
177,10,12,3,2.00,1,1,1,1
180,31,34,1,1.00,1,1,2,2
181,21,24,3,2.00,2,3,3,2
182,43,47,2,1.00,2,3,2,1
183,21,24,3,2.00,4,3,2,1
184,36,39,1,1.00,1,3,2,2
186,36,39,1,1.00,2,3,2,1
187,36,39,4,2.00,1,1,1,2
188,36,39,-1,-1.00,8,3,2,1
191,21,24,2,1.00,1,1,2,1
192,10,12,3,2.00,2,2,3,1
197,43,47,2,1.00,1,1,2,2
199,39,42,1,1.00,1,1,3,2
201,10,12,1,1.00,3,1,3,1
202,21,24,1,1.00,2,2,2,1
205,21,24,2,1.00,1,1,1,2
207,36,39,2,1.00,1,1,3,2
209,36,39,2,1.00,1,3,1,1
210,31,34,2,1.00,1,1,2,1
211,10,12,4,2.00,1,1,3,2
212,39,42,2,1.00,1,3,2,1
213,36,39,8,8.00,4,4,4,2
216,10,12,4,2.00,2,2,3,1
219,41,45,4,2.00,2,3,3,1
220,36,39,4,2.00,4,3,3,2
221,39,42,3,2.00,1,3,1,1
224,36,39,2,1.00,1,1,2,1
225,10,12,4,2.00,2,2,2,2
227,10,12,2,1.00,1,1,2,1
228,36,39,3,2.00,2,3,3,2
229,39,42,2,1.00,2,2,1,1
230,21,24,2,1.00,1,3,1,2
232,21,24,1,1.00,1,1,2,2
233,10,12,4,2.00,1,1,3,1
234,39,42,4,2.00,1,3,2,1
239,21,24,3,2.00,2,3,2,1
240,39,42,3,2.00,2,3,2,1
242,10,12,2,1.00,1,1,1,1
245,31,34,3,2.00,2,3,3,1
249,31,34,3,2.00,2,3,2,1
251,10,12,2,1.00,1,2,2,1
255,41,45,2,1.00,2,2,2,1
257,36,39,2,1.00,2,2,3,2
258,43,47,1,1.00,1,3,2,2
260,44,48,4,2.00,1,1,1,2
262,25,28,3,2.00,2,3,2,1
263,44,48,3,2.00,1,3,1,2
264,50,55,3,2.00,1,1,2,1
265,44,48,2,1.00,2,3,1,1
270,35,38,2,1.00,1,1,1,2
271,44,48,4,2.00,1,1,3,1
272,50,55,1,1.00,1,1,1,2
274,14,17,4,2.00,1,1,1,2
276,44,48,1,1.00,1,1,2,1
277,44,48,3,2.00,2,1,2,2
279,19,22,2,1.00,1,1,3,2
280,50,55,1,1.00,1,3,2,2
281,44,48,2,1.00,2,2,3,1
284,19,22,2,1.00,1,1,2,2
285,50,55,1,1.00,1,1,3,1
286,14,17,4,2.00,2,1,3,2
288,25,28,3,2.00,2,3,3,1
289,50,55,4,2.00,2,2,3,1
290,14,17,2,1.00,2,3,2,2
291,50,55,1,1.00,1,2,2,2
292,19,22,4,2.00,2,3,3,1
296,50,55,1,1.00,1,1,2,2
298,14,17,1,1.00,1,3,2,2
299,44,48,2,1.00,2,3,3,1
300,50,55,1,1.00,1,3,2,1
302,39,42,2,1.00,1,1,1,1
303,36,39,2,1.00,2,2,2,1
306,36,39,4,2.00,2,2,3,2
307,36,39,3,2.00,2,2,3,1
315,36,39,1,1.00,1,1,2,1
316,31,34,8,8.00,4,3,2,1
317,36,39,2,1.00,1,3,2,1
318,36,39,1,1.00,1,1,1,1
321,43,47,2,1.00,2,2,3,2
323,36,39,3,2.00,1,3,2,1
324,39,42,2,1.00,1,3,2,2
325,36,39,2,1.00,1,1,1,2
327,41,45,3,2.00,2,3,3,1
331,36,39,4,2.00,2,2,3,1
333,39,42,4,2.00,2,2,3,2
334,39,42,4,2.00,2,1,3,1
339,39,42,3,2.00,1,3,3,1
343,43,47,3,2.00,2,1,2,1
344,50,55,1,1.00,1,3,2,2
348,19,22,1,1.00,1,1,2,1
350,50,55,4,2.00,2,2,3,1
351,19,22,2,1.00,1,1,2,1
352,14,17,2,1.00,2,2,2,2
353,14,17,4,2.00,2,2,3,2
354,4,05,2,1.00,2,3,2,2
355,19,22,2,1.00,2,3,2,2
356,43,47,3,2.00,1,1,2,1
359,19,22,3,2.00,1,3,2,2
361,14,17,1,1.00,1,1,3,1
362,4,05,3,2.00,1,1,1,2
363,44,48,3,2.00,4,3,3,1
365,44,48,3,2.00,1,1,3,1
366,14,17,2,1.00,1,1,2,1
367,44,48,3,2.00,1,4,4,2
369,19,22,3,2.00,2,3,3,1
370,44,48,8,8.00,2,2,2,2
372,25,28,4,2.00,2,2,3,1
373,14,17,3,2.00,2,2,3,1
374,43,47,2,1.00,2,2,3,2
375,44,48,3,2.00,3,2,2,1
376,4,05,2,1.00,1,3,8,1
378,14,17,1,1.00,4,2,3,1
383,19,22,3,2.00,2,2,3,1
384,14,17,3,2.00,1,1,2,1
385,50,55,1,1.00,1,1,3,1
387,44,48,3,2.00,2,2,3,1
389,50,55,3,2.00,2,2,3,2
390,19,22,2,1.00,2,2,3,1
391,14,17,4,2.00,2,2,3,1
392,14,17,2,1.00,8,1,3,1
393,50,55,3,2.00,2,3,3,1
394,25,28,4,2.00,2,3,3,1
395,14,17,2,1.00,2,2,3,1
396,35,38,2,1.00,4,2,2,1
397,43,47,1,1.00,1,1,2,2
398,14,17,2,1.00,2,2,2,1
399,25,28,1,1.00,2,2,3,1
401,50,55,2,1.00,1,1,1,1
403,44,48,2,1.00,1,1,1,2
404,14,17,3,2.00,1,1,2,2
405,14,17,2,1.00,2,2,3,2
406,43,47,4,2.00,1,3,2,2
409,44,48,4,2.00,2,2,3,1
410,50,55,2,1.00,1,3,2,1
411,25,28,2,1.00,1,1,2,2
414,25,28,4,2.00,2,2,3,2
418,4,05,3,2.00,4,3,2,1
420,44,48,3,2.00,2,2,3,1
421,44,48,3,2.00,2,2,2,1
422,25,28,1,1.00,2,3,2,1
424,44,48,3,2.00,2,2,3,2
425,43,47,3,2.00,2,2,2,2
426,44,48,4,2.00,2,2,3,1
427,44,48,2,1.00,2,2,2,1
428,14,17,3,2.00,2,2,2,2
430,44,48,8,8.00,3,3,2,1
432,14,17,3,2.00,2,2,2,1
434,48,53,3,2.00,4,3,2,2
435,48,53,2,1.00,2,2,3,1
436,6,08,4,2.00,2,2,3,1
437,5,06,1,1.00,1,3,1,1
438,5,06,1,1.00,1,1,1,1
439,29,32,2,1.00,1,3,1,2
440,14,17,2,1.00,2,3,2,1
442,3,04,3,2.00,1,1,2,2
443,6,08,1,1.00,4,3,2,2
444,32,35,2,1.00,1,1,2,2
445,14,17,4,2.00,2,2,3,1
446,45,49,1,1.00,1,1,1,2
447,25,28,3,2.00,2,3,2,1
448,6,08,1,1.00,1,1,2,2
449,45,49,3,2.00,2,2,3,2
450,6,08,2,1.00,4,3,2,2
453,14,17,3,2.00,1,1,1,2
454,32,35,3,2.00,2,2,3,1
455,3,04,1,1.00,2,3,3,1
456,6,08,1,1.00,2,2,3,1
457,45,49,3,2.00,2,2,3,1
458,6,08,3,2.00,1,1,2,1
460,50,55,1,1.00,1,3,2,2
462,50,55,2,1.00,2,2,1,1
464,50,55,2,1.00,2,3,3,1
465,5,06,1,1.00,4,4,1,2
466,14,17,8,8.00,4,3,2,1
467,48,53,1,1.00,1,1,1,2
468,5,06,3,2.00,2,2,3,1
469,5,06,3,2.00,2,2,3,1
470,48,53,2,1.00,4,3,2,2
471,48,53,1,1.00,1,1,1,2
472,5,06,4,2.00,1,1,1,2
473,5,06,1,1.00,1,1,2,1
474,48,53,1,1.00,1,1,1,2
475,32,35,1,1.00,1,1,2,2
476,29,32,1,1.00,2,2,2,2
477,5,06,2,1.00,1,1,1,2
478,48,53,1,1.00,1,3,2,2
479,5,06,2,1.00,2,2,3,1
480,5,06,3,2.00,1,3,3,2
482,5,06,3,2.00,2,3,2,2
483,5,06,3,2.00,2,3,1,1
484,29,32,2,1.00,1,2,1,1
485,5,06,1,1.00,1,3,2,2
486,5,06,2,1.00,2,3,3,1
488,5,06,2,1.00,1,1,1,2
489,48,53,2,1.00,1,3,2,2
491,5,06,1,1.00,1,3,2,2
492,3,04,3,2.00,1,3,2,1
493,32,35,4,2.00,2,2,3,1
494,29,32,2,1.00,2,2,1,2
495,5,06,3,2.00,4,1,3,2
496,5,06,1,1.00,1,1,2,2
497,5,06,3,2.00,2,3,3,2
498,5,06,4,2.00,2,2,2,2
499,5,06,3,2.00,2,3,3,1
500,5,06,1,1.00,2,2,2,2
502,5,06,2,1.00,1,3,2,1
503,5,06,2,1.00,1,3,1,1
504,48,53,3,2.00,2,2,3,1
505,6,08,3,2.00,1,1,2,1
506,29,32,1,1.00,8,3,3,1
507,5,06,3,2.00,4,2,1,1
508,5,06,2,1.00,2,2,3,2
509,5,06,1,1.00,1,4,1,1
510,48,53,1,1.00,2,2,2,2
511,5,06,2,1.00,2,2,3,1
512,5,06,1,1.00,1,2,2,1
513,5,06,2,1.00,4,3,1,1
514,5,06,2,1.00,2,3,3,1
515,5,06,2,1.00,2,2,3,1
516,29,32,4,2.00,1,3,2,2
517,5,06,1,1.00,1,1,1,2
519,5,06,1,1.00,1,1,1,1
520,5,06,2,1.00,1,1,1,2
522,5,06,2,1.00,2,3,3,1
523,29,32,2,1.00,1,1,2,2
524,48,53,1,1.00,1,1,1,2
525,6,08,1,1.00,2,3,3,1
526,5,06,2,1.00,2,2,3,1
528,3,04,2,1.00,2,3,2,2
530,5,06,1,1.00,2,3,2,2
531,29,32,2,1.00,2,3,2,2
532,5,06,2,1.00,3,2,2,1
533,5,06,2,1.00,3,8,3,2
534,5,06,1,1.00,1,1,2,2
535,45,49,2,1.00,2,3,3,2
536,29,32,2,1.00,4,3,2,2
537,5,06,1,1.00,1,1,1,2
538,5,06,1,1.00,1,1,1,2
540,48,53,3,2.00,2,2,2,1
541,5,06,3,2.00,1,1,2,2
542,5,06,1,1.00,2,2,1,1
543,5,06,1,1.00,1,1,1,2
544,48,53,2,1.00,1,3,1,1
545,48,53,8,8.00,3,3,2,1
546,5,06,2,1.00,2,2,2,2
547,5,06,2,1.00,1,1,2,1
548,5,06,4,2.00,1,3,2,1
549,5,06,1,1.00,1,4,1,1
550,5,06,3,2.00,1,1,2,1
551,5,06,4,2.00,2,2,3,1
552,48,53,2,1.00,1,3,1,1
553,6,08,4,2.00,2,2,3,1
554,5,06,2,1.00,2,2,3,2
555,6,08,3,2.00,2,2,3,1
558,5,06,2,1.00,1,1,3,1
560,5,06,1,1.00,2,2,1,2
561,5,06,2,1.00,2,2,3,1
562,5,06,1,1.00,1,1,2,2
563,5,06,1,1.00,4,3,2,2
564,3,04,2,1.00,2,2,3,2
565,5,06,1,1.00,1,1,1,2
566,5,06,2,1.00,1,1,2,2
567,5,06,2,1.00,2,2,2,1
568,10,12,2,1.00,2,3,2,1
569,31,34,4,2.00,2,2,3,1
574,10,12,3,2.00,4,4,2,2
575,10,12,3,2.00,1,1,2,2
576,36,39,2,1.00,1,1,2,2
580,10,12,3,2.00,2,3,2,2
581,41,45,2,1.00,1,3,2,2
582,31,34,1,1.00,4,3,1,1
585,36,39,2,1.00,1,1,3,1
586,36,39,1,1.00,1,1,1,2
593,10,12,4,2.00,1,1,2,2
595,39,42,2,1.00,1,3,2,2
598,14,17,3,2.00,1,3,2,2
599,50,55,2,1.00,4,4,2,1
600,14,17,2,1.00,1,3,2,2
602,19,22,3,2.00,2,2,3,1
603,44,48,3,2.00,1,1,2,1
604,14,17,3,2.00,1,1,2,1
608,19,22,2,1.00,1,1,1,2
610,25,28,8,8.00,3,3,3,1
612,14,17,4,2.00,2,2,3,1
613,43,47,2,1.00,1,3,2,1
615,44,48,4,2.00,2,2,3,2
618,19,22,1,1.00,2,2,2,2
622,44,48,3,2.00,2,2,2,2
623,44,48,2,1.00,1,1,1,1
624,50,55,4,2.00,2,2,3,1
625,19,22,4,2.00,1,3,3,2
626,50,55,3,2.00,1,1,2,2
628,4,05,8,8.00,2,2,3,1
629,44,48,3,2.00,2,3,1,2
631,44,48,2,1.00,4,3,2,1
633,44,48,3,2.00,2,2,3,1
634,14,17,2,1.00,1,1,2,2
635,44,48,2,1.00,1,1,2,1
637,44,48,1,1.00,1,3,2,2
638,50,55,3,2.00,2,3,3,1
639,44,48,4,2.00,2,2,3,2
642,25,28,3,2.00,2,2,3,1
644,44,48,2,1.00,1,1,2,2
645,14,17,8,8.00,3,3,2,1
646,44,48,4,2.00,2,2,2,2
647,44,48,4,2.00,2,2,3,1
648,50,55,3,2.00,2,3,2,2
649,44,48,4,2.00,2,3,2,1
650,43,47,2,1.00,1,1,3,1
651,14,17,1,1.00,2,3,1,1
652,32,35,2,1.00,4,1,2,2
655,36,39,2,1.00,1,1,2,2
660,10,12,2,1.00,2,2,2,1
665,39,42,4,2.00,2,2,1,2
668,39,42,3,2.00,1,2,3,2
669,10,12,2,1.00,2,1,4,2
672,31,34,1,1.00,1,3,2,1
677,21,24,2,1.00,4,3,2,1
678,31,34,1,1.00,1,3,1,2
684,31,34,2,1.00,1,1,3,2
687,10,12,2,1.00,1,3,2,2
697,21,24,2,1.00,1,3,1,2
703,39,42,2,1.00,2,2,2,1
709,10,12,2,1.00,1,1,2,1
710,10,12,2,1.00,2,2,1,1
712,44,48,4,2.00,1,1,3,1
713,44,48,3,2.00,2,2,3,1
714,6,08,8,8.00,4,3,2,1
717,6,08,2,1.00,4,3,2,1
718,5,06,1,1.00,1,1,1,2
719,32,35,2,1.00,4,3,1,1
720,6,08,2,1.00,4,3,1,1
721,39,42,2,1.00,1,2,2,2
722,36,39,2,1.00,2,2,3,2
723,41,45,1,1.00,2,2,1,2
724,21,24,2,1.00,1,2,2,1
725,5,06,2,1.00,4,4,2,1
726,48,53,2,1.00,1,1,2,2
727,21,24,3,2.00,2,2,3,2
728,21,24,1,1.00,1,1,2,1
730,21,24,2,1.00,1,1,2,1
732,39,42,2,1.00,2,2,3,2
735,31,34,3,2.00,2,2,2,1
738,5,06,1,1.00,1,1,1,2
739,5,06,2,1.00,1,1,2,1
740,5,06,1,1.00,1,3,1,1
741,5,06,1,1.00,1,1,2,2
742,48,53,1,1.00,1,1,1,1
743,5,06,3,2.00,1,1,2,2
744,5,06,3,2.00,1,1,2,1
745,48,53,2,1.00,4,3,2,2
746,5,06,3,2.00,2,2,3,1
747,5,06,1,1.00,1,3,2,2
748,5,06,2,1.00,1,1,1,2
749,5,06,3,2.00,2,4,3,1
750,5,06,4,2.00,2,3,3,2
751,5,06,1,1.00,1,3,2,1
752,5,06,1,1.00,1,1,1,1
753,44,48,3,2.00,2,4,4,1
754,14,17,2,1.00,1,1,1,1
757,44,48,2,1.00,1,3,3,2
758,44,48,1,1.00,1,1,2,2
760,43,47,2,1.00,4,3,2,1
761,50,55,2,1.00,1,1,2,1
762,14,17,4,2.00,1,1,2,2
767,14,17,2,1.00,2,2,3,1
768,50,55,3,2.00,2,2,3,2
770,43,47,4,2.00,2,2,3,1
771,44,48,3,2.00,2,2,3,1
773,19,22,1,1.00,1,1,1,1
774,5,06,2,1.00,1,4,1,1
776,5,06,4,2.00,2,4,3,1
777,6,08,2,1.00,1,1,2,2
778,5,06,3,2.00,1,1,2,2
779,5,06,1,1.00,1,1,2,1
780,45,49,3,2.00,2,2,2,2
781,5,06,3,2.00,2,2,3,2
783,5,06,1,1.00,1,1,1,2
784,5,06,8,8.00,1,1,2,2
785,5,06,2,1.00,1,1,3,1
786,5,06,1,1.00,2,2,2,1
787,5,06,3,2.00,1,3,3,1
788,45,49,3,2.00,1,1,2,2
789,5,06,3,2.00,2,2,3,2
790,6,08,1,1.00,1,1,1,2
791,6,08,3,2.00,2,3,3,2
792,5,06,2,1.00,1,3,1,1
793,50,55,4,2.00,1,2,2,1
794,43,47,2,1.00,1,1,2,2
795,4,05,4,2.00,1,1,1,2
800,14,17,3,2.00,1,1,3,2
802,44,48,2,1.00,2,2,3,2
803,44,48,2,1.00,4,3,3,2
804,19,22,2,1.00,1,1,1,1
805,44,48,3,2.00,2,2,3,1
807,44,48,2,1.00,2,2,2,1
808,44,48,2,1.00,1,1,1,2
809,44,48,3,2.00,2,2,3,1
810,44,48,2,1.00,1,1,3,1
813,19,22,2,1.00,1,1,3,2
814,50,55,2,1.00,2,2,3,2
816,48,53,1,1.00,1,1,1,2
817,5,06,8,8.00,2,2,2,1
818,5,06,4,2.00,2,2,3,1
819,6,08,1,1.00,1,1,1,1
821,48,53,2,1.00,4,3,3,1
822,5,06,1,1.00,1,1,1,2
823,6,08,4,2.00,1,1,2,2
824,3,04,4,2.00,4,3,4,2
825,5,06,2,1.00,1,2,2,2
826,45,49,2,1.00,1,1,2,2
827,48,53,2,1.00,1,1,1,2
828,6,08,2,1.00,1,1,1,1
829,48,53,1,1.00,4,1,4,2
830,5,06,1,1.00,1,1,1,2
831,5,06,3,2.00,1,1,2,2
833,48,53,1,1.00,1,1,1,2
834,29,32,2,1.00,2,2,2,2
835,5,06,2,1.00,1,1,1,2
836,5,06,2,1.00,1,3,1,1
837,45,49,4,2.00,2,2,2,2
839,5,06,2,1.00,1,1,1,2
840,5,06,3,2.00,2,2,3,1
841,48,53,3,2.00,3,1,2,1
842,5,06,1,1.00,3,4,8,2
843,5,06,2,1.00,2,2,2,2
844,5,06,1,1.00,1,1,2,2
845,6,08,1,1.00,2,2,2,1
846,29,32,4,2.00,1,3,1,1
847,5,06,3,2.00,2,2,3,1
848,5,06,2,1.00,2,2,2,1
849,5,06,2,1.00,1,1,2,2
851,29,32,3,2.00,2,3,2,2
852,5,06,2,1.00,4,3,1,2
854,5,06,3,2.00,4,3,2,2
855,5,06,1,1.00,1,1,2,2
856,29,32,2,1.00,1,3,1,2
857,29,32,2,1.00,1,3,3,2
858,5,06,3,2.00,2,2,3,1
862,39,42,3,2.00,4,3,1,1
863,31,34,3,2.00,2,3,3,2
867,10,12,2,1.00,4,2,2,2
873,10,12,3,2.00,1,1,2,2
875,31,34,2,1.00,4,1,1,1
876,10,12,2,1.00,1,3,1,1
877,39,42,2,1.00,1,3,3,2
880,44,48,2,1.00,1,1,1,2
881,44,48,3,2.00,8,3,2,2
882,14,17,3,2.00,1,1,2,1
884,14,17,3,2.00,2,2,3,2
886,44,48,3,2.00,2,2,3,1
889,44,48,2,1.00,1,1,2,2
890,44,48,3,2.00,2,3,3,1
892,43,47,3,2.00,1,1,2,2
893,21,24,1,1.00,2,2,3,1
895,31,34,2,1.00,2,2,2,2
896,45,49,3,2.00,2,2,3,2
898,39,42,4,2.00,2,1,2,2
900,6,08,2,1.00,1,3,2,2
902,44,48,3,2.00,2,2,3,2
907,50,55,3,2.00,1,1,2,1
909,5,06,2,1.00,1,1,2,2
910,48,53,4,2.00,2,3,3,1
911,5,06,2,1.00,2,2,2,1
912,5,06,2,1.00,1,3,1,1
913,48,53,1,1.00,2,3,2,1
914,48,53,3,2.00,2,3,2,1
917,36,39,8,8.00,1,1,1,2
918,50,55,1,1.00,1,1,1,2
919,43,47,4,2.00,1,3,2,1
920,19,22,2,1.00,8,3,3,2
922,43,47,3,2.00,2,2,3,1
924,5,06,2,1.00,1,1,1,1
926,5,06,2,1.00,1,1,2,1
929,48,53,3,2.00,2,2,2,1
931,10,12,2,1.00,2,3,3,1
934,39,42,3,2.00,2,3,3,1
935,44,48,2,1.00,1,3,1,1
937,44,48,4,2.00,4,3,2,1
938,14,17,3,2.00,2,2,3,1
939,32,35,1,1.00,1,1,1,1
940,5,06,2,1.00,1,1,2,2
941,3,04,1,1.00,1,1,2,2
943,3,04,2,1.00,1,1,1,2
944,4,05,3,2.00,2,2,3,1
946,5,06,1,1.00,1,1,2,2
949,39,42,1,1.00,1,1,1,2
950,10,12,3,2.00,2,2,3,1
955,5,06,3,2.00,2,2,2,1
956,45,49,4,2.00,2,2,3,2
957,50,55,3,2.00,2,2,2,1
958,44,48,3,2.00,2,3,3,1
959,44,48,4,2.00,2,3,3,1
960,44,48,3,2.00,1,1,2,2
961,44,48,2,1.00,1,1,2,2
963,19,22,4,2.00,2,2,3,1
965,10,12,2,1.00,2,1,3,1
968,41,45,2,1.00,1,3,2,2
969,41,45,3,2.00,2,3,3,1
970,10,12,1,1.00,1,1,8,2
973,31,34,2,1.00,2,2,2,1
976,10,12,3,2.00,2,2,2,1
977,41,45,1,1.00,1,2,2,1
978,39,42,3,2.00,2,3,3,1
979,10,12,4,2.00,2,2,3,2
981,39,42,3,2.00,1,4,2,2
983,44,48,1,1.00,1,4,1,1
985,4,05,2,1.00,1,1,2,2
986,10,12,2,1.00,2,2,2,1
988,39,42,2,1.00,1,1,1,2
989,31,34,3,2.00,1,1,2,2
991,41,45,1,1.00,1,1,3,2
994,44,48,2,1.00,2,2,3,1
998,10,12,1,1.00,3,3,2,2
999,10,12,2,1.00,1,1,1,2
1000,44,48,3,2.00,2,3,2,2
1002,39,42,2,1.00,3,2,2,2
1003,10,12,1,1.00,1,1,1,2
1005,39,42,2,1.00,4,1,2,1
1007,44,48,3,2.00,2,3,3,1
1011,36,99,-1,-1.00,-1,-1,-1,2
1012,31,34,-1,-1.00,-1,-1,-1,1
1015,36,39,-1,-1.00,-1,-1,-1,2
1016,31,99,-1,-1.00,-1,-1,-1,2
1019,31,34,-1,-1.00,-1,-1,-1,1
1022,36,99,-1,-1.00,-1,-1,-1,1
1025,10,99,-1,-1.00,-1,-1,-1,2
1026,39,99,-1,-1.00,-1,-1,-1,1
1032,44,99,-1,-1.00,-1,-1,-1,1
1033,44,99,-1,-1.00,-1,-1,-1,1
1034,32,99,-1,-1.00,-1,-1,-1,2
1036,6,99,-1,-1.00,-1,-1,-1,1
1038,19,99,-1,-1.00,-1,-1,-1,1
1039,19,22,-1,-1.00,-1,-1,-1,1
1040,32,99,-1,-1.00,-1,-1,-1,2
1041,6,99,-1,-1.00,-1,-1,-1,1
1042,6,08,-1,-1.00,-1,-1,-1,1
1043,19,22,-1,-1.00,-1,-1,-1,1
1044,5,06,-1,-1.00,-1,-1,-1,1
1045,5,99,-1,-1.00,-1,-1,-1,1
1046,5,06,-1,-1.00,-1,-1,-1,1
1047,48,99,-1,-1.00,-1,-1,-1,1
1048,5,06,-1,-1.00,-1,-1,-1,1
1049,5,06,-1,-1.00,-1,-1,-1,1
1053,36,99,-1,-1.00,-1,-1,-1,1
1055,39,99,-1,-1.00,-1,-1,-1,2
1056,39,42,-1,-1.00,-1,-1,-1,1
1057,39,42,-1,-1.00,-1,-1,-1,2
1058,36,39,-1,-1.00,-1,-1,-1,1
1065,44,99,-1,-1.00,-1,-1,-1,2
1066,43,47,-1,-1.00,-1,-1,-1,2
1069,21,24,-1,-1.00,-1,-1,-1,1
1072,5,99,-1,-1.00,-1,-1,-1,1
1073,5,06,-1,-1.00,-1,-1,-1,1
1075,39,99,-1,-1.00,-1,-1,-1,2
1076,10,12,-1,-1.00,-1,-1,-1,1
1078,39,42,-1,-1.00,-1,-1,-1,2
1079,10,12,-1,-1.00,-1,-1,-1,1
1080,5,06,-1,-1.00,-1,-1,-1,1
1082,5,06,-1,-1.00,-1,-1,-1,2
